1
2
3
4
5
6
8
9
10
11
12
13
14
7056
124
303
407
565
692
798
922
1034
1166
1333
1440
1599
1788
1901
2020
2158
2293
2473
2644
2671
2809
2978
2979
3121
3310
3440
3610
3764
3906
4103
4242
4355
4543
4743
4877
5061
5169
5291
5368
5519
5688
5870
5873
5990
6027
6069
6175
6310
6494
6498
6628
6637
6646
6794
6807
6918
6930
7049
7064
7108
7124
7125
7256
7260
7280
7281
7289
7480
7605
7738
7871
8059
8210
8216
8324
8429
8587
8695
8824
8827
8966
8972
9172
9328
9487
9506
9688
9865
9975
10088
10230
10340
10460
10464
10604
10707
10836
10977
11008
11161
11312
11477
13504
13505
13506
13507
13508
13509
13510
13511
13512
13513
13514
13601
13515
13516
13517
13518
13519
13520
13521
13522
13523
13524
13525
13526
13527
13528
13529
13530
13531
13532
13533
13534
13535
13536
13537
13539
13631
13541
13543
13545
13547
13549
13551
13553
13555
13557
13559
13561
13563
13565
13567
13569
13571
13573
13575
13633
13577
13579
13581
13583
13585
13587
13589
13591
13593
13595
13597
13599
13603
13605
13607
13609
13611
13613
13615
13617
13619
13621
13623
13625
13627
13629
13635
13637
13639
13641
13643
13645
13647
13649
13651
